0 1 721
1 0 721
1 2 968
2 1 968
2 3 892
3 2 892
3 4 415
4 3 415
4 5 467
5 4 467
5 6 901
6 5 901
6 7 347
7 6 347
7 8 463
8 7 463
8 9 260
9 8 260
9 10 894
10 9 894
10 11 258
11 10 258
11 12 350
12 11 350
12 13 525
13 12 525
13 14 704
14 13 704
14 15 840
15 14 840
15 16 338
16 15 338
16 17 464
17 16 464
17 18 613
18 17 613
18 19 607
19 18 607
19 20 372
20 19 372
20 21 933
21 20 933
21 22 187
22 21 187
22 23 460
23 22 460
23 24 722
24 23 722
24 25 644
25 24 644
25 26 976
26 25 976
26 27 27
27 26 27
27 28 595
28 27 595
28 29 187
29 28 187
29 30 846
30 29 846
30 31 507
31 30 507
31 32 907
32 31 907
32 33 165
33 32 165
33 34 398
34 33 398
34 35 321
35 34 321
35 36 632
36 35 632
36 37 298
37 36 298
37 38 19
38 37 19
38 39 446
39 38 446
39 40 909
40 39 909
40 41 265
41 40 265
41 42 55
42 41 55
42 43 259
43 42 259
43 44 789
44 43 789
44 45 759
45 44 759
45 46 450
46 45 450
46 47 127
47 46 127
47 48 574
48 47 574
48 49 62
49 48 62
49 50 85
50 49 85
50 51 946
51 50 946
51 52 346
52 51 346
52 53 272
53 52 272
53 54 757
54 53 757
54 55 420
55 54 420
55 56 267
56 55 267
56 57 84
57 56 84
57 58 798
58 57 798
58 59 861
59 58 861
59 60 622
60 59 622
60 61 995
61 60 995
61 62 367
62 61 367
62 63 880
63 62 880
63 64 160
64 63 160
64 65 116
65 64 116
65 66 200
66 65 200
66 67 791
67 66 791
67 68 765
68 67 765
68 69 571
69 68 571
69 70 236
70 69 236
70 71 674
71 70 674
71 72 187
72 71 187
72 73 643
73 72 643
73 74 284
74 73 284
74 75 327
75 74 327
75 76 401
76 75 401
76 77 733
77 76 733
77 78 453
78 77 453
78 79 326
79 78 326
79 80 146
80 79 146
80 81 890
81 80 890
81 82 271
82 81 271
82 83 844
83 82 844
83 84 513
84 83 513
84 85 379
85 84 379
85 86 263
86 85 263
86 87 131
87 86 131
87 88 463
88 87 463
88 89 60
89 88 60
89 90 992
90 89 992
90 91 84
91 90 84
91 92 54
92 91 54
92 93 710
93 92 710
93 94 316
94 93 316
94 95 213
95 94 213
95 96 178
96 95 178
96 97 867
97 96 867
97 98 355
98 97 355
98 99 942
99 98 942
99 0 437
0 99 437
42 66 975
66 42 975
84 49 302
49 84 302
36 33 106
33 36 106
61 79 347
79 61 347
84 22 859
22 84 859
62 36 342
36 62 342
76 95 333
95 76 333
12 48 394
48 12 394
27 13 571
13 27 571
93 67 865
67 93 865
82 61 183
61 82 183
8 45 785
45 8 785
9 33 118
33 9 118
15 95 949
95 15 949
13 31 623
31 13 623
72 45 559
45 72 559
65 22 906
22 65 906
97 86 307
86 97 307
42 65 920
65 42 920
65 58 239
58 65 239
81 92 501
92 81 501
63 1 698
1 63 698
47 62 232
62 47 232
17 77 779
77 17 779
65 91 610
91 65 610
40 15 455
15 40 455
98 32 129
32 98 129
56 81 67
81 56 67
62 23 232
23 62 232
33 40 843
40 33 843
71 21 335
21 71 335
23 85 388
85 23 388
73 84 951
84 73 951
4 1 480
1 4 480
82 19 323
19 82 323
43 59 690
59 43 690
49 9 922
9 49 922
78 65 703
65 78 703
44 27 779
27 44 779
76 60 719
60 76 719
70 84 741
84 70 741
4 7 26
7 4 26
44 32 710
32 44 710
46 36 264
36 46 264
25 70 283
70 25 283
48 13 742
13 48 742
89 63 551
63 89 551
11 93 969
93 11 969
65 89 596
89 65 596
43 65 409
65 43 409
62 87 645
87 62 645
54 44 452
44 54 452
79 88 937
88 79 937
40 34 273
34 40 273
55 11 296
11 55 296
37 11 261
11 37 261
30 1 976
1 30 976
81 64 569
64 81 569
49 29 459
29 49 459
96 25 876
25 96 876
56 39 664
39 56 664
0 93 508
93 0 508
4 72 148
72 4 148
40 64 182
64 40 182
64 20 793
20 64 793
59 9 657
9 59 657
20 40 758
40 20 758
95 73 722
73 95 722
64 74 603
74 64 603
74 70 828
70 74 828
1 79 819
79 1 819
64 79 612
79 64 612
23 83 936
83 23 936
70 75 501
75 70 501
3 40 273
40 3 273
48 99 534
99 48 534
4 19 674
19 4 674
61 67 947
67 61 947
34 83 321
83 34 321
88 57 744
57 88 744
68 58 623
58 68 623
86 75 954
75 86 954
98 37 934
37 98 934
21 64 786
64 21 786
24 4 58
4 24 58
72 4 592
4 72 592
76 75 617
75 76 617
89 94 916
94 89 916
75 77 236
77 75 236
64 86 331
86 64 331
32 97 305
97 32 305
18 72 259
72 18 259
16 22 448
22 16 448
2 43 712
43 2 712
87 20 517
20 87 517
97 92 973
92 97 973
40 21 100
21 40 100
56 62 895
62 56 895
71 38 272
38 71 272
59 2 959
2 59 959
41 86 556
86 41 556
46 4 680
4 46 680
4 73 102
73 4 102
3 75 798
75 3 798
14 62 218
62 14 218
82 59 662
59 82 662
6 99 735
99 6 735
6 8 798
8 6 798
0 31 636
31 0 636
23 90 990
90 23 990
81 84 76
84 81 76
88 30 632
30 88 632
19 86 657
86 19 657
73 89 732
89 73 732
70 55 347
55 70 347
39 90 558
90 39 558
0 96 310
96 0 310
35 2 570
2 35 570
32 2 901
2 32 901
19 26 244
26 19 244
60 59 928
59 60 928
87 0 258
0 87 258
18 19 196
19 18 196
27 92 837
92 27 837
58 14 892
14 58 892
56 53 582
53 56 582
66 54 879
54 66 879
27 41 233
41 27 233
96 25 188
25 96 188
96 44 366
44 96 366
39 4 77
4 39 77
18 91 877
91 18 877
75 61 149
61 75 149
22 88 993
88 22 993
58 99 208
99 58 208
50 7 713
7 50 713
83 25 467
25 83 467
13 52 260
52 13 260
46 48 185
48 46 185
33 97 581
97 33 581
98 36 437
36 98 437
74 55 180
55 74 180
3 82 442
82 3 442
51 5 582
5 51 582
43 63 333
63 43 333
2 65 41
65 2 41
15 49 966
49 15 966
33 14 419
14 33 419
93 60 319
60 93 319
29 45 216
45 29 216
10 95 353
95 10 353
46 22 360
22 46 360
26 25 494
25 26 494
19 28 951
28 19 951
0 71 567
71 0 567
33 26 232
26 33 232
25 41 233
41 25 233
90 74 448
74 90 448
60 19 460
19 60 460
79 49 106
49 79 106
94 59 101
59 94 101
98 57 523
57 98 523
9 83 600
83 9 600
3 2 128
2 3 128
5 3 452
3 5 452
71 88 778
88 71 778
3 13 171
13 3 171
87 3 97
3 87 97
34 16 817
16 34 817
46 95 218
95 46 218
51 41 529
41 51 529
3 40 186
40 3 186
26 1 370
1 26 370
77 56 224
56 77 224
5 62 627
62 5 627
56 33 967
33 56 967
85 88 580
88 85 580
55 76 136
76 55 136
51 62 52
62 51 52
19 8 647
8 19 647
36 11 840
11 36 840
16 15 632
15 16 632
2 93 734
93 2 734
23 70 990
70 23 990
46 75 352
75 46 352
73 83 738
83 73 738
39 68 26
68 39 26
71 23 154
23 71 154
6 27 217
27 6 217
57 98 377
98 57 377
55 87 389
87 55 389
94 3 56
3 94 56
26 5 901
5 26 901
59 28 171
28 59 171
0 75 699
75 0 699
4 0 934
0 4 934
41 91 303
91 41 303
18 62 678
62 18 678
72 68 157
68 72 157
40 77 556
77 40 556
16 32 443
32 16 443
56 27 698
27 56 698
63 5 804
5 63 804
63 64 184
64 63 184
34 16 711
16 34 711
84 20 363
20 84 363
17 13 755
13 17 755
71 32 169
32 71 169
1 56 390
56 1 390
9 96 467
96 9 467
64 51 59
51 64 59
21 78 757
78 21 757
84 83 912
83 84 912
0 99 95
99 0 95
86 15 158
15 86 158
70 88 520
88 70 520
39 1 274
1 39 274
63 85 795
85 63 795
16 41 184
41 16 184
25 89 2
89 25 2
42 54 753
54 42 753
0 27 483
27 0 483
8 63 518
63 8 518
19 63 917
63 19 917
66 49 785
49 66 785
23 71 225
71 23 225
42 63 726
63 42 726
68 26 564
26 68 564
14 94 405
94 14 405
97 19 247
19 97 247
50 61 701
61 50 701
3 14 880
14 3 880
85 22 543
22 85 543
3 42 759
42 3 759
71 8 708
8 71 708
55 83 32
83 55 32
31 77 895
77 31 895
9 45 173
45 9 173
72 59 67
59 72 67
28 8 638
8 28 638
74 59 800
59 74 800
26 14 314
14 26 314
5 99 936
99 5 936
0 54 930
54 0 930
58 26 390
26 58 390
17 33 473
33 17 473
48 65 51
65 48 51
94 74 748
74 94 748
66 46 360
46 66 360
84 26 420
26 84 420
74 1 931
1 74 931
73 79 645
79 73 645
38 85 45
85 38 45
25 85 999
85 25 999
55 95 777
95 55 777
96 12 811
12 96 811
69 13 28
13 69 28
71 7 802
7 71 802
70 26 400
26 70 400
81 62 226
62 81 226
1 36 879
36 1 879
31 9 59
9 31 59
28 99 996
99 28 996
24 25 233
25 24 233
22 32 528
32 22 528
51 28 940
28 51 940
61 49 853
49 61 853
40 72 513
72 40 513
41 43 739
43 41 739
92 24 301
24 92 301
69 77 838
77 69 838
48 61 499
61 48 499
58 89 951
89 58 951
53 13 128
13 53 128
37 87 960
87 37 960
64 38 540
38 64 540
55 51 990
51 55 990
60 91 414
91 60 414
72 84 857
84 72 857
62 76 734
76 62 734
62 98 111
98 62 111
51 98 624
98 51 624
2 56 213
56 2 213
4 61 626
61 4 626
31 98 566
98 31 566
90 14 104
14 90 104
81 69 108
69 81 108
22 29 899
29 22 899
36 53 336
53 36 336
92 15 464
15 92 464
77 30 862
30 77 862
40 33 760
33 40 760
63 35 216
35 63 216
76 39 929
39 76 929
53 22 427
22 53 427
18 64 293
64 18 293
22 46 763
46 22 763
81 68 744
68 81 744
79 4 398
4 79 398
66 49 813
49 66 813
30 26 643
26 30 643
91 66 77
66 91 77
3 30 964
30 3 964
70 58 256
58 70 256
99 11 430
11 99 430
77 82 95
82 77 95
70 4 141
4 70 141
84 37 909
37 84 909
27 16 166
16 27 166
24 35 415
35 24 415
89 65 93
65 89 93
83 8 960
8 83 960
11 41 228
41 11 228
82 51 483
51 82 483
33 14 912
14 33 912
10 96 358
96 10 358
32 52 498
52 32 498
16 89 759
89 16 759
44 58 924
58 44 924
20 93 338
93 20 338
9 58 782
58 9 782
93 18 93
18 93 93
4 30 434
30 4 434
83 64 237
64 83 237
65 97 152
97 65 152
29 7 448
7 29 448
38 92 501
92 38 501
36 8 790
8 36 790
94 4 48
4 94 48
17 25 693
25 17 693
6 86 551
86 6 551
87 79 70
79 87 70
32 36 752
36 32 752
65 19 316
19 65 316
54 37 113
37 54 113
5 18 272
18 5 272
4 56 864
56 4 864
4 44 425
44 4 425
46 38 529
38 46 529
45 7 206
7 45 206
38 65 593
65 38 593
40 5 524
5 40 524
9 37 912
37 9 912
12 54 632
54 12 632
27 60 221
60 27 221
91 65 591
65 91 591
63 70 99
70 63 99
78 26 244
26 78 244
2 24 134
24 2 134
83 70 694
70 83 694
88 8 611
8 88 611
80 0 668
0 80 668
4 10 957
10 4 957
15 74 912
74 15 912
98 2 472
2 98 472
70 45 790
45 70 790
12 60 312
60 12 312
11 39 890
39 11 890
6 93 315
93 6 315
91 76 985
76 91 985
36 17 945
17 36 945
99 49 97
49 99 97
66 53 807
53 66 807
23 21 234
21 23 234
86 71 636
71 86 636
9 42 533
42 9 533
50 54 494
54 50 494
61 17 733
17 61 733
51 75 378
75 51 378
17 19 607
19 17 607
53 7 624
7 53 624
49 6 373
6 49 373
45 73 379
73 45 379
4 48 200
48 4 200
37 86 171
86 37 171
24 95 865
95 24 865
56 98 872
98 56 872
49 11 641
11 49 641
33 62 417
62 33 417
11 31 388
31 11 388
17 84 895
84 17 895
92 33 902
33 92 902
16 79 427
79 16 427
94 83 75
83 94 75
45 20 461
20 45 461
68 96 408
96 68 408
32 52 706
52 32 706
3 54 18
54 3 18
44 87 232
87 44 232
12 98 16
98 12 16
99 67 1000
67 99 1000
93 11 186
11 93 186
94 28 965
28 94 965
72 22 200
22 72 200
46 20 772
20 46 772
58 88 668
88 58 668
18 20 772
20 18 772
75 76 226
76 75 226
44 20 466
20 44 466
28 84 164
84 28 164
43 83 984
83 43 984
94 28 547
28 94 547
79 75 875
75 79 875
95 47 50
47 95 50
94 46 270
46 94 270
17 4 58
4 17 58
84 22 630
22 84 630
8 50 506
50 8 506
85 94 678
94 85 678
50 22 562
22 50 562
66 65 545
65 66 545
49 12 226
12 49 226
95 91 801
91 95 801
22 87 48
87 22 48
71 81 394
81 71 394
40 51 651
51 40 651
49 87 225
87 49 225
78 95 175
95 78 175
36 81 870
81 36 870
13 31 244
31 13 244
75 97 962
97 75 962
71 98 374
98 71 374
96 46 665
46 96 665
96 68 152
68 96 152
96 39 386
39 96 386
89 31 489
31 89 489
91 32 776
32 91 776
16 62 372
62 16 372
90 98 205
98 90 205
11 12 36
12 11 36
55 87 86
87 55 86
16 10 984
10 16 984
41 7 630
7 41 630
5 55 250
55 5 250
9 3 189
3 9 189
46 45 772
45 46 772
34 36 704
36 34 704
9 52 967
52 9 967
32 95 65
95 32 65
36 6 29
6 36 29
24 13 68
13 24 68
9 29 79
29 9 79
92 70 638
70 92 638
74 28 545
28 74 545
23 89 849
89 23 849
64 35 294
35 64 294
35 69 882
69 35 882
91 30 135
30 91 135
9 63 282
63 9 282
25 51 488
51 25 488
54 75 702
75 54 702
73 84 883
84 73 883
51 29 406
29 51 406
40 3 934
3 40 934
85 78 323
78 85 323
85 42 310
42 85 310
30 11 874
11 30 874
60 97 35
97 60 35
75 78 260
78 75 260
27 18 866
18 27 866
2 19 540
19 2 540
39 53 643
53 39 643
68 58 384
58 68 384
23 43 21
43 23 21
1 65 858
65 1 858
96 26 340
26 96 340
26 56 351
56 26 351
51 69 201
69 51 201
85 96 979
96 85 979
96 23 597
23 96 597
62 78 268
78 62 268
53 17 822
17 53 822
95 85 780
85 95 780
30 60 24
60 30 24
2 61 941
61 2 941
11 57 520
57 11 520
50 35 776
35 50 776
1 38 997
38 1 997
53 23 294
23 53 294
31 20 269
20 31 269
80 34 999
34 80 999
99 87 468
87 99 468
20 34 905
34 20 905
52 17 765
17 52 765
27 19 627
19 27 627
19 31 436
31 19 436
38 81 224
81 38 224
66 34 862
34 66 862
14 87 738
87 14 738
59 71 758
71 59 758
28 3 844
3 28 844
78 2 183
2 78 183
46 75 417
75 46 417
50 79 634
79 50 634
15 58 206
58 15 206
41 77 637
77 41 637
28 68 970
68 28 970
51 86 557
86 51 557
13 0 596
0 13 596
50 60 419
60 50 419
59 40 622
40 59 622
54 70 177
70 54 177
36 16 904
16 36 904
4 67 935
67 4 935
90 34 293
34 90 293
95 27 270
27 95 270
83 55 90
55 83 90
4 7 176
7 4 176
60 72 229
72 60 229
8 74 541
74 8 541
26 85 733
85 26 733
0 39 803
39 0 803
28 27 220
27 28 220
31 38 266
38 31 266
21 72 910
72 21 910
16 51 179
51 16 179
51 6 621
6 51 621
56 65 148
65 56 148
16 89 376
89 16 376
76 63 916
63 76 916
3 0 648
0 3 648
3 39 803
39 3 803
83 18 22
18 83 22
14 50 612
50 14 612
31 71 236
71 31 236
40 86 71
86 40 71
91 44 691
44 91 691
47 62 191
62 47 191
16 51 566
51 16 566
92 67 834
67 92 834
47 67 833
67 47 833
2 59 635
59 2 635
85 77 8
77 85 8
99 79 619
79 99 619
82 51 206
51 82 206
74 43 92
43 74 92
45 86 437
86 45 437
87 86 51
86 87 51
77 2 202
2 77 202
95 46 521
46 95 521
28 46 589
46 28 589
12 48 300
48 12 300
47 34 877
34 47 877
54 85 809
85 54 809
25 68 960
68 25 960
30 94 355
94 30 355
74 91 941
91 74 941
62 31 79
31 62 79
12 60 633
60 12 633
13 55 680
55 13 680
86 35 926
35 86 926
74 48 274
48 74 274
25 47 760
47 25 760
53 45 362
45 53 362
78 65 673
65 78 673
61 59 27
59 61 27
87 51 320
51 87 320
49 82 398
82 49 398
61 94 31
94 61 31
26 50 62
50 26 62
12 85 339
85 12 339
38 85 964
85 38 964
63 32 724
32 63 724
69 86 769
86 69 769
30 16 586
16 30 586
3 29 145
29 3 145
81 16 248
16 81 248
0 65 682
65 0 682
50 78 777
78 50 777
80 57 779
57 80 779
93 69 416
69 93 416
31 60 602
60 31 602
94 23 586
23 94 586
17 92 924
92 17 924
37 75 493
75 37 493
22 78 22
78 22 22
19 59 391
59 19 391
18 12 856
12 18 856
52 62 487
62 52 487
28 94 144
94 28 144
6 39 913
39 6 913
73 70 525
70 73 525
74 16 249
16 74 249
12 86 693
86 12 693
35 75 220
75 35 220
27 50 798
50 27 798
1 69 510
69 1 510
91 39 674
39 91 674
98 91 336
91 98 336
84 71 582
71 84 582
27 29 121
29 27 121
92 3 643
3 92 643
16 29 759
29 16 759
16 41 897
41 16 897
61 29 473
29 61 473
80 8 423
8 80 423
30 9 244
9 30 244
39 52 183
52 39 183
64 3 275
3 64 275
99 87 646
87 99 646
32 67 428
67 32 428
4 11 331
11 4 331
98 79 660
79 98 660
8 48 354
48 8 354
5 61 983
61 5 983
77 41 391
41 77 391
51 23 953
23 51 953
94 14 57
14 94 57
76 78 560
78 76 560
2 29 300
29 2 300
0 13 67
13 0 67
27 17 830
17 27 830
9 67 409
67 9 409
68 76 109
76 68 109
21 81 270
81 21 270
55 10 464
10 55 464
98 61 487
61 98 487
2 7 554
7 2 554
58 35 632
35 58 632
70 38 114
38 70 114
69 90 227
90 69 227
87 17 797
17 87 797
16 26 464
26 16 464
76 46 340
46 76 340
85 20 673
20 85 673
6 27 935
27 6 935
69 25 548
25 69 548
8 27 755
27 8 755
61 38 91
38 61 91
44 8 181
8 44 181
57 29 671
29 57 671
84 16 340
16 84 340
80 32 518
32 80 518
43 60 864
60 43 864
35 45 436
45 35 436
59 52 864
52 59 864
94 73 241
73 94 241
41 81 169
81 41 169
96 94 759
94 96 759
38 39 219
39 38 219
18 96 848
96 18 848
40 32 64
32 40 64
79 64 48
64 79 48
96 60 208
60 96 208
11 95 6
95 11 6
47 54 710
54 47 710
62 0 783
0 62 783
2 42 65
42 2 65
22 90 459
90 22 459
80 28 950
28 80 950
50 98 947
98 50 947
97 38 731
38 97 731
12 69 396
69 12 396
59 65 756
65 59 756
19 28 503
28 19 503
76 27 309
27 76 309
85 89 110
89 85 110
67 44 452
44 67 452
83 66 794
66 83 794
42 99 522
99 42 522
43 1 872
1 43 872
89 99 810
99 89 810
72 63 731
63 72 731
67 75 96
75 67 96
74 94 176
94 74 176
76 70 704
70 76 704
36 55 245
55 36 245
45 74 689
74 45 689
48 58 908
58 48 908
41 52 659
52 41 659
62 95 160
95 62 160
85 37 611
37 85 611
46 9 75
9 46 75
76 28 950
28 76 950
23 2 796
2 23 796
99 30 266
30 99 266
54 66 773
66 54 773
98 64 99
64 98 99
39 12 957
12 39 957
98 54 861
54 98 861
8 68 57
68 8 57
67 54 546
54 67 546
30 0 707
0 30 707
4 77 935
77 4 935
53 0 689
0 53 689
0 51 471
51 0 471
65 5 589
5 65 589
89 56 153
56 89 153
87 47 966
47 87 966
96 97 820
97 96 820
56 5 588
5 56 588
64 72 142
72 64 142
61 2 995
2 61 995
67 58 172
58 67 172
53 63 824
63 53 824
93 63 776
63 93 776
63 80 433
80 63 433
52 21 41
21 52 41
56 61 288
61 56 288
21 57 785
57 21 785
92 65 190
65 92 190
32 82 15
82 32 15
25 95 869
95 25 869
19 63 180
63 19 180
42 68 543
68 42 543
18 62 459
62 18 459
93 77 839
77 93 839
77 81 161
81 77 161
18 38 522
38 18 522
57 11 231
11 57 231
94 56 148
56 94 148
35 88 330
88 35 330
1 65 26
65 1 26
70 37 941
37 70 941
1 79 9
79 1 9
43 97 623
97 43 623
53 42 901
42 53 901
92 72 134
72 92 134
4 42 124
42 4 124
77 99 836
99 77 836
59 45 144
45 59 144
6 81 284
81 6 284
88 82 749
82 88 749
65 4 238
4 65 238
5 17 366
17 5 366
1 66 341
66 1 341
54 61 593
61 54 593
98 85 726
85 98 726
54 27 850
27 54 850
31 78 37
78 31 37
42 24 180
24 42 180
49 5 815
5 49 815
89 87 563
87 89 563
54 92 153
92 54 153
11 49 370
49 11 370
28 50 288
50 28 288
20 57 701
57 20 701
12 55 186
55 12 186
90 10 713
10 90 713
91 93 892
93 91 892
79 36 116
36 79 116
10 37 673
37 10 673
24 26 512
26 24 512
38 32 156
32 38 156
90 95 306
95 90 306
11 75 908
75 11 908
51 96 665
96 51 665
3 60 821
60 3 821
89 2 131
2 89 131
53 45 224
45 53 224
96 76 312
76 96 312
63 86 49
86 63 49
35 62 827
62 35 827
47 53 711
53 47 711
2 95 706
95 2 706
7 59 234
59 7 234
67 10 282
10 67 282
31 13 442
13 31 442
51 54 497
54 51 497
33 8 294
8 33 294
9 4 871
4 9 871
20 68 109
68 20 109
21 55 824
55 21 824
99 2 577
2 99 577
10 57 224
57 10 224
67 16 783
16 67 783
0 83 245
83 0 245
33 15 959
15 33 959
75 66 165
66 75 165
23 52 873
52 23 873
16 61 30
61 16 30
38 33 750
33 38 750
47 54 705
54 47 705
70 6 760
6 70 760
98 16 717
16 98 717
21 35 233
35 21 233
4 88 569
88 4 569
48 21 684
21 48 684
58 48 102
48 58 102
23 71 954
71 23 954
47 40 167
40 47 167
76 78 701
78 76 701
77 6 983
6 77 983
99 12 94
12 99 94
97 28 810
28 97 810
19 64 394
64 19 394
75 4 314
4 75 314
75 25 997
25 75 997
34 74 451
74 34 451
9 97 404
97 9 404
8 37 571
37 8 571
85 68 623
68 85 623
14 45 929
45 14 929
48 97 742
97 48 742
41 94 22
94 41 22
2 65 438
65 2 438
48 40 242
40 48 242
61 68 968
68 61 968
10 54 942
54 10 942
60 63 691
63 60 691
15 71 629
71 15 629
37 8 149
8 37 149
59 75 346
75 59 346
88 23 843
23 88 843
81 65 838
65 81 838
2 19 455
19 2 455
40 67 548
67 40 548
33 81 916
81 33 916
0 91 670
91 0 670
93 3 85
3 93 85
84 18 956
18 84 956
64 56 517
56 64 517
12 15 692
15 12 692
57 55 815
55 57 815
0 36 332
36 0 332
89 39 404
39 89 404
43 31 423
31 43 423
90 64 704
64 90 704
57 17 947
17 57 947
26 10 250
10 26 250
10 46 369
46 10 369
18 10 225
10 18 225
86 74 792
74 86 792
77 84 648
84 77 648
43 36 884
36 43 884
27 25 875
25 27 875
30 20 58
20 30 58
52 63 323
63 52 323
8 20 340
20 8 340
54 99 402
99 54 402
56 9 849
9 56 849
24 79 11
79 24 11
0 65 38
65 0 38
91 94 922
94 91 922
90 57 27
57 90 27
17 34 901
34 17 901
99 6 311
6 99 311
3 69 633
69 3 633
63 42 324
42 63 324
18 41 77
41 18 77
74 2 925
2 74 925
50 82 288
82 50 288
50 99 325
99 50 325
93 94 246
94 93 246
36 54 363
54 36 363
53 88 615
88 53 615
4 46 925
46 4 925
7 16 557
16 7 557
71 58 232
58 71 232
41 51 309
51 41 309
67 53 585
53 67 585
17 35 872
35 17 872
19 87 548
87 19 548
64 33 793
33 64 793
0 69 599
69 0 599
62 22 439
22 62 439
77 78 186
78 77 186
53 37 954
37 53 954
62 60 664
60 62 664
93 53 415
53 93 415
53 20 568
20 53 568
38 89 56
89 38 56
61 60 895
60 61 895
9 25 528
25 9 528
53 77 397
77 53 397
52 92 571
92 52 571
42 21 149
21 42 149
27 74 738
74 27 738
80 36 399
36 80 399
95 82 52
82 95 52
9 35 325
35 9 325
29 73 266
73 29 266
36 87 927
87 36 927
30 96 204
96 30 204
57 1 433
1 57 433
5 24 176
24 5 176
48 45 676
45 48 676
27 20 413
20 27 413
8 62 756
62 8 756
90 66 218
66 90 218
26 90 247
90 26 247
51 55 35
55 51 35
38 33 717
33 38 717
86 36 926
36 86 926
88 69 531
69 88 531
45 57 894
57 45 894
91 32 922
32 91 922
63 96 982
96 63 982
71 59 737
59 71 737
62 25 954
25 62 954
40 67 552
67 40 552
91 74 586
74 91 586
82 8 654
8 82 654
68 96 579
96 68 579
8 17 109
17 8 109
54 63 518
63 54 518
99 6 250
6 99 250
20 69 99
69 20 99
53 92 110
92 53 110
90 54 687
54 90 687
95 46 154
46 95 154
47 38 480
38 47 480
84 72 888
72 84 888
90 92 637
92 90 637
68 1 806
1 68 806
29 7 21
7 29 21
46 6 27
6 46 27
48 79 248
79 48 248
46 32 141
32 46 141
55 74 947
74 55 947
41 70 294
70 41 294
46 69 484
69 46 484
25 5 256
5 25 256
65 95 848
95 65 848
1 16 801
16 1 801
6 45 60
45 6 60
27 91 519
91 27 519
5 39 450
39 5 450
53 37 482
37 53 482
45 92 409
92 45 409
91 85 479
85 91 479
36 31 300
31 36 300
71 9 457
9 71 457
26 74 605
74 26 605
26 75 321
75 26 321
26 33 66
33 26 66
38 12 709
12 38 709
56 18 501
18 56 501
5 23 538
23 5 538
38 68 283
68 38 283
46 11 68
11 46 68
76 0 752
0 76 752
75 71 461
71 75 461
84 98 435
98 84 435
88 76 662
76 88 662
8 54 947
54 8 947
25 92 960
92 25 960
85 0 430
0 85 430
85 5 253
5 85 253
75 96 273
96 75 273
9 42 84
42 9 84
76 19 36
19 76 36
79 46 908
46 79 908
91 30 658
30 91 658
77 70 134
70 77 134
38 30 488
30 38 488
37 7 133
7 37 133
96 93 233
93 96 233
77 30 591
30 77 591
29 57 687
57 29 687
1 66 929
66 1 929
36 95 500
95 36 500
72 74 699
74 72 699
31 66 981
66 31 981
88 43 952
43 88 952
73 34 282
34 73 282
60 23 742
23 60 742
92 71 335
71 92 335
77 48 617
48 77 617
67 77 775
77 67 775
53 30 441
30 53 441
33 18 36
18 33 36
85 90 663
90 85 663
83 73 429
73 83 429
63 61 824
61 63 824
66 34 510
34 66 510
0 47 433
47 0 433
41 91 904
91 41 904
27 68 352
68 27 352
43 35 381
35 43 381
17 88 263
88 17 263
10 74 82
74 10 82
45 59 224
59 45 224
7 94 598
94 7 598
87 9 211
9 87 211
63 76 846
76 63 846
24 28 693
28 24 693
57 21 884
21 57 884
12 48 5
48 12 5
16 91 940
91 16 940
96 61 81
61 96 81
11 71 707
71 11 707
92 68 966
68 92 966
67 28 260
28 67 260
16 67 569
67 16 569
27 82 197
82 27 197
24 7 425
7 24 425
16 64 346
64 16 346
51 76 646
76 51 646
7 44 590
44 7 590
47 41 303
41 47 303
79 4 226
4 79 226
85 48 394
48 85 394
50 15 174
15 50 174
61 32 642
32 61 642
81 11 324
11 81 324
30 35 83
35 30 83
6 3 647
3 6 647
4 6 976
6 4 976
49 14 420
14 49 420
38 61 713
61 38 713
40 92 117
92 40 117
65 77 65
77 65 65
11 79 133
79 11 133
84 92 917
92 84 917
77 73 628
73 77 628
53 55 463
55 53 463
35 62 818
62 35 818
34 66 224
66 34 224
61 15 38
15 61 38
80 6 199
6 80 199
45 98 843
98 45 843
13 16 620
16 13 620
78 27 199
27 78 199
62 63 543
63 62 543
78 93 517
93 78 517
57 98 372
98 57 372
71 85 886
85 71 886
88 19 52
19 88 52
11 80 220
80 11 220
49 13 626
13 49 626
99 10 276
10 99 276
42 23 692
23 42 692
13 53 619
53 13 619
64 15 935
15 64 935
6 45 928
45 6 928
22 2 626
2 22 626
46 73 111
73 46 111
83 13 383
13 83 383
35 25 415
25 35 415
6 26 980
26 6 980
83 25 790
25 83 790
58 19 666
19 58 666
50 33 319
33 50 319
20 97 587
97 20 587
54 3 32
3 54 32
33 78 987
78 33 987
58 76 912
76 58 912
21 59 626
59 21 626
3 46 351
46 3 351
17 52 477
52 17 477
49 35 554
35 49 554
38 94 74
94 38 74
3 96 359
96 3 359
74 16 256
16 74 256
60 23 11
23 60 11
43 56 141
56 43 141
29 15 17
15 29 17
93 88 877
88 93 877
18 43 475
43 18 475
20 60 328
60 20 328
96 61 763
61 96 763
1 0 409
0 1 409
74 55 605
55 74 605
84 81 674
81 84 674
39 41 197
41 39 197
2 37 453
37 2 453
42 18 420
18 42 420
59 11 208
11 59 208
87 29 551
29 87 551
61 49 864
49 61 864
40 97 125
97 40 125
3 99 477
99 3 477
63 25 585
25 63 585
68 10 766
10 68 766
41 1 960
1 41 960
89 55 197
55 89 197
41 98 815
98 41 815
13 9 79
9 13 79
20 48 908
48 20 908
23 61 710
61 23 710
38 2 959
2 38 959
14 57 858
57 14 858
91 20 536
20 91 536
27 40 998
40 27 998
92 33 499
33 92 499
51 22 755
22 51 755
47 16 905
16 47 905
14 29 614
29 14 614
92 1 814
1 92 814
51 76 275
76 51 275
12 14 677
14 12 677
71 81 486
81 71 486
80 24 407
24 80 407
67 51 99
51 67 99
64 43 533
43 64 533
63 95 607
95 63 607
69 94 423
94 69 423
73 60 104
60 73 104
38 4 506
4 38 506
51 8 234
8 51 234
25 20 449
20 25 449
54 43 330
43 54 330
91 76 354
76 91 354
97 43 457
43 97 457
48 8 700
8 48 700
80 23 747
23 80 747
38 44 794
44 38 794
61 17 654
17 61 654
64 7 759
7 64 759
21 58 367
58 21 367
55 35 539
35 55 539
55 89 235
89 55 235
36 81 311
81 36 311
41 30 654
30 41 654
97 30 614
30 97 614
96 10 689
10 96 689
95 1 633
1 95 633
88 62 702
62 88 702
93 78 509
78 93 509
3 52 867
52 3 867
21 59 403
59 21 403
60 14 144
14 60 144
94 2 577
2 94 577
56 43 460
43 56 460
61 40 890
40 61 890
75 88 753
88 75 753
15 83 654
83 15 654
48 23 368
23 48 368
49 69 998
69 49 998
10 72 50
72 10 50
76 94 109
94 76 109
30 6 975
6 30 975
26 52 329
52 26 329
2 8 172
8 2 172
13 21 664
21 13 664
3 96 505
96 3 505
55 64 440
64 55 440
60 12 264
12 60 264
27 13 333
13 27 333
24 23 757
23 24 757
26 52 551
52 26 551
86 34 309
34 86 309
13 60 913
60 13 913
41 63 673
63 41 673
65 76 595
76 65 595
28 31 643
31 28 643
32 38 507
38 32 507
24 98 171
98 24 171
87 77 985
77 87 985
71 54 160
54 71 160
27 80 564
80 27 564
30 66 599
66 30 599
90 31 759
31 90 759
3 73 974
73 3 974
27 90 703
90 27 703
21 18 834
18 21 834
16 3 473
3 16 473
22 27 623
27 22 623
45 66 301
66 45 301
81 89 855
89 81 855
40 68 687
68 40 687
4 98 905
98 4 905
2 89 837
89 2 837
12 44 162
44 12 162
86 71 52
71 86 52
88 45 522
45 88 522
73 61 77
61 73 77
45 35 156
35 45 156
20 80 22
80 20 22
72 61 63
61 72 63
26 54 332
54 26 332
64 58 730
58 64 730
68 12 271
12 68 271
4 76 867
76 4 867
65 62 191
62 65 191
68 2 836
2 68 836
90 76 797
76 90 797
66 73 284
73 66 284
22 93 765
93 22 765
95 17 926
17 95 926
58 43 280
43 58 280
41 7 390
7 41 390
70 28 854
28 70 854
93 32 431
32 93 431
11 50 445
50 11 445
1 18 600
18 1 600
36 60 376
60 36 376
84 27 301
27 84 301
68 1 295
1 68 295
84 48 712
48 84 712
9 6 408
6 9 408
41 47 67
47 41 67
82 70 595
70 82 595
88 15 180
15 88 180
70 26 982
26 70 982
66 28 52
28 66 52
65 16 913
16 65 913
40 1 992
1 40 992
41 21 93
21 41 93
87 5 293
5 87 293
50 66 600
66 50 600
9 7 399
7 9 399
28 42 421
42 28 421
74 30 288
30 74 288
53 52 515
52 53 515
86 18 643
18 86 643
38 84 211
84 38 211
50 76 312
76 50 312
93 17 933
17 93 933
37 56 190
56 37 190
29 7 657
7 29 657
80 68 964
68 80 964
31 96 558
96 31 558
51 71 940
71 51 940
39 76 892
76 39 892
5 63 211
63 5 211
99 1 847
1 99 847
9 3 823
3 9 823
21 96 441
96 21 441
5 33 49
33 5 49
95 62 656
62 95 656
51 95 77
95 51 77
66 26 673
26 66 673
76 77 744
77 76 744
15 68 173
68 15 173
7 73 236
73 7 236
69 24 337
24 69 337
67 34 740
34 67 740
89 7 436
7 89 436
81 64 221
64 81 221
30 11 35
11 30 35
37 14 830
14 37 830
13 81 356
81 13 356
38 9 386
9 38 386
33 24 206
24 33 206
5 83 332
83 5 332
40 4 756
4 40 756
76 71 690
71 76 690
67 61 149
61 67 149
54 94 714
94 54 714
74 24 925
24 74 925
9 14 440
14 9 440
90 79 573
79 90 573
46 17 882
17 46 882
83 51 658
51 83 658
88 8 442
8 88 442
19 49 498
49 19 498
75 77 970
77 75 970
16 45 383
45 16 383
65 99 529
99 65 529
30 26 754
26 30 754
54 87 120
87 54 120
93 77 999
77 93 999
17 75 769
75 17 769
98 58 820
58 98 820
56 99 380
99 56 380
49 18 629
18 49 629
46 45 959
45 46 959
67 14 404
14 67 404
1 31 455
31 1 455
30 61 333
61 30 333
35 67 720
67 35 720
54 13 150
13 54 150
4 30 625
30 4 625
72 81 236
81 72 236
43 89 835
89 43 835
23 38 105
38 23 105
3 36 803
36 3 803
61 56 969
56 61 969
16 57 400
57 16 400
23 87 513
87 23 513
55 74 880
74 55 880
27 28 293
28 27 293
76 85 676
85 76 676
52 57 557
57 52 557
39 1 946
1 39 946
73 24 636
24 73 636
30 27 772
27 30 772
84 41 28
41 84 28
52 57 138
57 52 138
3 80 925
80 3 925
15 88 200
88 15 200
46 15 80
15 46 80
39 43 565
43 39 565
14 47 775
47 14 775
22 87 176
87 22 176
67 12 852
12 67 852
54 94 431
94 54 431
25 78 872
78 25 872
5 30 282
30 5 282
94 33 762
33 94 762
70 0 350
0 70 350
21 47 117
47 21 117
1 38 212
38 1 212
17 4 260
4 17 260
91 26 199
26 91 199
18 45 511
45 18 511
69 99 6
99 69 6
0 76 836
76 0 836
23 33 267
33 23 267
4 27 752
27 4 752
18 98 805
98 18 805
19 3 737
3 19 737
72 41 300
41 72 300
90 45 911
45 90 911
33 23 109
23 33 109
52 68 972
68 52 972
21 67 329
67 21 329
73 95 164
95 73 164
49 29 782
29 49 782
5 56 886
56 5 886
23 6 690
6 23 690
43 78 345
78 43 345
31 50 886
50 31 886
30 92 783
92 30 783
41 26 358
26 41 358
1 30 526
30 1 526
72 3 245
3 72 245
52 29 540
29 52 540
68 78 521
78 68 521
49 83 378
83 49 378
86 59 336
59 86 336
27 2 414
2 27 414
71 33 765
33 71 765
8 15 809
15 8 809
90 56 335
56 90 335
99 58 417
58 99 417
24 82 221
82 24 221
20 87 750
87 20 750
12 55 528
55 12 528
32 4 63
4 32 63
61 91 922
91 61 922
97 18 76
18 97 76
62 42 909
42 62 909
26 50 425
50 26 425
87 93 533
93 87 533
21 92 343
92 21 343
38 17 178
17 38 178
10 89 365
89 10 365
59 1 420
1 59 420
38 34 124
34 38 124
52 47 67
47 52 67
74 96 938
96 74 938
1 59 80
59 1 80
10 85 730
85 10 730
86 72 23
72 86 23
70 46 316
46 70 316
13 36 485
36 13 485
90 46 774
46 90 774
54 57 428
57 54 428
73 95 614
95 73 614
48 47 61
47 48 61
15 73 458
73 15 458
52 75 217
75 52 217
83 37 454
37 83 454
12 75 979
75 12 979
87 45 477
45 87 477
54 58 365
58 54 365
90 0 863
0 90 863
15 54 720
54 15 720
42 79 167
79 42 167
55 28 914
28 55 914
68 95 940
95 68 940
77 99 967
99 77 967
93 34 904
34 93 904
98 46 879
46 98 879
76 85 424
85 76 424
4 39 235
39 4 235
68 81 135
81 68 135
30 97 842
97 30 842
1 39 773
39 1 773
67 47 53
47 67 53
33 67 100
67 33 100
72 44 499
44 72 499
38 37 33
37 38 33
93 87 432
87 93 432
23 16 69
16 23 69
98 20 261
20 98 261
32 41 842
41 32 842
19 23 939
23 19 939
12 25 331
25 12 331
84 44 630
44 84 630
89 77 897
77 89 897
88 1 941
1 88 941
87 39 330
39 87 330
71 84 869
84 71 869
54 7 185
7 54 185
23 6 458
6 23 458
83 90 699
90 83 699
76 61 474
61 76 474
15 73 151
73 15 151
97 10 896
10 97 896
26 99 973
99 26 973
74 87 27
87 74 27
66 26 318
26 66 318
47 50 103
50 47 103
15 4 962
4 15 962
0 79 968
79 0 968
57 14 411
14 57 411
7 91 72
91 7 72
80 58 146
58 80 146
31 7 108
7 31 108
78 33 659
33 78 659
2 59 898
59 2 898
28 25 325
25 28 325
46 72 27
72 46 27
48 39 83
39 48 83
9 39 563
39 9 563
29 48 429
48 29 429
39 55 820
55 39 820
62 88 730
88 62 730
59 71 137
71 59 137
66 49 22
49 66 22
24 51 281
51 24 281
22 80 558
80 22 558
98 78 182
78 98 182
24 26 22
26 24 22
58 87 613
87 58 613
20 68 62
68 20 62
49 59 769
59 49 769
20 22 857
22 20 857
50 81 828
81 50 828
86 48 929
48 86 929
60 24 781
24 60 781
40 46 113
46 40 113
50 96 891
96 50 891
31 72 569
72 31 569
52 31 108
31 52 108
65 3 477
3 65 477
78 52 436
52 78 436
46 25 58
25 46 58
55 75 840
75 55 840
82 13 240
13 82 240
63 73 564
73 63 564
43 66 63
66 43 63
7 16 411
16 7 411
97 47 284
47 97 284
65 52 115
52 65 115
72 69 170
69 72 170
0 47 175
47 0 175
36 45 300
45 36 300
45 0 627
0 45 627
36 35 292
35 36 292
75 98 318
98 75 318
91 93 984
93 91 984
53 0 200
0 53 200
63 49 499
49 63 499
98 66 903
66 98 903
64 38 24
38 64 24
34 91 923
91 34 923
8 27 369
27 8 369
7 24 921
24 7 921
85 61 56
61 85 56
76 36 406
36 76 406
93 27 399
27 93 399
76 32 851
32 76 851
27 48 300
48 27 300
78 46 666
46 78 666
32 11 57
11 32 57
56 45 300
45 56 300
78 5 127
5 78 127
98 12 3
12 98 3
19 97 64
97 19 64
26 25 253
25 26 253
32 19 780
19 32 780
82 47 765
47 82 765
85 75 913
75 85 913
36 5 211
5 36 211
2 37 422
37 2 422
10 93 419
93 10 419
9 24 376
24 9 376
87 22 888
22 87 888
89 41 637
41 89 637
5 20 915
20 5 915
57 4 334
4 57 334
88 86 581
86 88 581
52 23 208
23 52 208
16 60 713
60 16 713
27 14 703
14 27 703
0 76 848
76 0 848
71 85 72
85 71 72
46 24 447
24 46 447
86 65 188
65 86 188
74 70 760
70 74 760
88 79 864
79 88 864
73 68 603
68 73 603
54 72 826
72 54 826
13 89 538
89 13 538
78 68 52
68 78 52
80 20 128
20 80 128
79 91 65
91 79 65
51 38 341
38 51 341
97 76 607
76 97 607
36 50 629
50 36 629
48 39 309
39 48 309
11 64 129
64 11 129
13 18 501
18 13 501
91 84 42
84 91 42
28 62 962
62 28 962
32 94 683
94 32 683
59 25 974
25 59 974
76 63 517
63 76 517
25 39 475
39 25 475
14 90 104
90 14 104
62 81 764
81 62 764
25 45 892
45 25 892
91 16 744
16 91 744
82 0 138
0 82 138
10 14 99
14 10 99
94 60 781
60 94 781
6 85 755
85 6 755
82 14 318
14 82 318
50 91 10
91 50 10
77 57 300
57 77 300
32 71 333
71 32 333
95 97 530
97 95 530
38 88 246
88 38 246
33 22 98
22 33 98
70 32 64
32 70 64
69 79 176
79 69 176
49 85 962
85 49 962
55 67 428
67 55 428
25 69 971
69 25 971
34 46 529
46 34 529
85 30 500
30 85 500
17 25 149
25 17 149
46 15 989
15 46 989
44 49 711
49 44 711
41 19 896
19 41 896
57 40 175
40 57 175
32 42 660
42 32 660
45 97 879
97 45 879
24 74 348
74 24 348
95 8 247
8 95 247
75 45 677
45 75 677
26 62 755
62 26 755
75 61 722
61 75 722
63 57 971
57 63 971
74 50 343
50 74 343
69 7 935
7 69 935
43 92 177
92 43 177
54 37 527
37 54 527
32 62 301
62 32 301
31 9 862
9 31 862
29 84 507
84 29 507
58 10 922
10 58 922
64 37 635
37 64 635
85 1 892
1 85 892
8 27 142
27 8 142
50 48 450
48 50 450
36 43 342
43 36 342
13 97 131
97 13 131
91 29 245
29 91 245
91 12 6
12 91 6
52 94 590
94 52 590
11 52 553
52 11 553
32 16 690
16 32 690
18 1 343
1 18 343
9 21 951
21 9 951
11 69 752
69 11 752
0 12 445
12 0 445
13 9 928
9 13 928
4 90 172
90 4 172
47 55 178
55 47 178
52 49 119
49 52 119
63 1 23
1 63 23
47 69 713
69 47 713
17 22 407
22 17 407
26 32 629
32 26 629
28 95 850
95 28 850
32 95 15
95 32 15
76 60 76
60 76 76
55 16 219
16 55 219
27 64 974
64 27 974
56 68 175
68 56 175
26 83 628
83 26 628
49 30 597
30 49 597
13 99 419
99 13 419
71 25 403
25 71 403
51 53 551
53 51 551
1 85 446
85 1 446
67 14 259
14 67 259
42 69 275
69 42 275
60 48 491
48 60 491
85 56 411
56 85 411
59 35 694
35 59 694
86 36 976
36 86 976
34 49 175
49 34 175
53 72 100
72 53 100
7 24 406
24 7 406
57 77 843
77 57 843
55 44 209
44 55 209
13 38 431
38 13 431
39 99 679
99 39 679
82 84 188
84 82 188
92 44 723
44 92 723
86 82 11
82 86 11
61 17 60
17 61 60
88 70 684
70 88 684
87 77 808
77 87 808
44 87 337
87 44 337
39 42 933
42 39 933
47 7 672
7 47 672
77 98 771
98 77 771
8 80 907
80 8 907
47 25 551
25 47 551
69 63 34
63 69 34
31 76 303
76 31 303
90 64 425
64 90 425
73 4 802
4 73 802
33 48 41
48 33 41
21 87 883
87 21 883
54 87 290
87 54 290
25 64 889
64 25 889
47 24 521
24 47 521
53 71 598
71 53 598
56 92 461
92 56 461
41 23 438
23 41 438
43 65 702
65 43 702
67 91 58
91 67 58
20 24 207
24 20 207
61 97 46
97 61 46
95 51 433
51 95 433
85 28 150
28 85 150
25 75 874
75 25 874
97 81 498
81 97 498
95 37 390
37 95 390
55 78 914
78 55 914
44 21 479
21 44 479
46 88 770
88 46 770
55 60 946
60 55 946
61 21 344
21 61 344
59 17 247
17 59 247
43 54 976
54 43 976
44 31 3
31 44 3
70 80 884
80 70 884
67 75 521
75 67 521
56 83 299
83 56 299
69 27 872
27 69 872
0 25 312
25 0 312
21 81 773
81 21 773
67 94 646
94 67 646
62 53 815
53 62 815
8 49 921
49 8 921
35 93 852
93 35 852
38 63 833
63 38 833
73 30 460
30 73 460
94 87 843
87 94 843
44 8 771
8 44 771
68 60 648
60 68 648
79 82 829
82 79 829
3 49 224
49 3 224
1 63 229
63 1 229
15 71 278
71 15 278
88 7 872
7 88 872
39 97 587
97 39 587
23 70 218
70 23 218
83 16 857
16 83 857
25 13 417
13 25 417
47 81 378
81 47 378
95 12 860
12 95 860
75 68 161
68 75 161
98 69 624
69 98 624
79 36 847
36 79 847
56 24 806
24 56 806
79 16 503
16 79 503
66 39 526
39 66 526
35 74 394
74 35 394
43 0 407
0 43 407
59 99 788
99 59 788
88 46 553
46 88 553
99 22 121
22 99 121
59 20 842
20 59 842
34 51 178
51 34 178
33 8 755
8 33 755
38 39 71
39 38 71
93 5 662
5 93 662
70 92 637
92 70 637
63 35 189
35 63 189
70 95 88
95 70 88
9 35 335
35 9 335
13 35 109
35 13 109
33 46 281
46 33 281
74 81 433
81 74 433
4 66 841
66 4 841
10 56 432
56 10 432
80 1 90
1 80 90
93 71 382
71 93 382
29 87 870
87 29 870
17 9 265
9 17 265
57 70 352
70 57 352
91 84 287
84 91 287
51 17 934
17 51 934
31 44 267
44 31 267
63 0 133
0 63 133
55 10 41
10 55 41
87 42 143
42 87 143
76 35 666
35 76 666
57 65 653
65 57 653
26 34 214
34 26 214
42 91 785
91 42 785
94 34 621
34 94 621
80 85 138
85 80 138
65 17 234
17 65 234
31 80 734
80 31 734
15 36 96
36 15 96
56 75 38
75 56 38
98 51 574
51 98 574
63 60 691
60 63 691
68 39 225
39 68 225
33 81 617
81 33 617
17 27 551
27 17 551
37 60 137
60 37 137
27 25 6
25 27 6
12 9 238
9 12 238
98 24 26
24 98 26
93 80 801
80 93 801
83 30 652
30 83 652
8 94 665
94 8 665
98 14 4
14 98 4
74 47 637
47 74 637
90 17 917
17 90 917
93 6 777
6 93 777
81 33 854
33 81 854
38 98 415
98 38 415
75 96 240
96 75 240
1 41 72
41 1 72
1 76 703
76 1 703
5 84 149
84 5 149
21 34 63
34 21 63
24 9 362
9 24 362
12 51 479
51 12 479
28 96 386
96 28 386
56 29 571
29 56 571
62 67 621
67 62 621
76 43 917
43 76 917
15 44 611
44 15 611
39 97 387
97 39 387
41 54 172
54 41 172
89 75 358
75 89 358
51 18 313
18 51 313
64 70 144
70 64 144
44 18 881
18 44 881
1 48 803
48 1 803
63 15 424
15 63 424
39 10 692
10 39 692
7 6 302
6 7 302
46 56 41
56 46 41
87 10 564
10 87 564
76 38 921
38 76 921
79 41 740
41 79 740
43 5 262
5 43 262
38 50 280
50 38 280
18 3 428
3 18 428
21 66 696
66 21 696
96 57 606
57 96 606
87 64 413
64 87 413
41 62 169
62 41 169
81 49 931
49 81 931
44 77 69
77 44 69
16 8 363
8 16 363
55 4 468
4 55 468
16 42 70
42 16 70
48 13 925
13 48 925
75 34 291
34 75 291
22 82 249
82 22 249
28 69 765
69 28 765
92 10 528
10 92 528
60 91 629
91 60 629
42 87 959
87 42 959
11 4 819
4 11 819
73 59 523
59 73 523
92 28 918
28 92 918
14 76 531
76 14 531
38 3 517
3 38 517
81 26 299
26 81 299
81 6 920
6 81 920
45 98 331
98 45 331
24 58 274
58 24 274
5 0 314
0 5 314
63 17 534
17 63 534
88 28 409
28 88 409
33 8 326
8 33 326
99 84 208
84 99 208
89 40 76
40 89 76
70 66 726
66 70 726
3 24 645
24 3 645
49 22 327
22 49 327
25 32 601
32 25 601
30 84 266
84 30 266
45 0 283
0 45 283
79 88 111
88 79 111
87 73 472
73 87 472
64 24 956
24 64 956
71 14 48
14 71 48
98 36 166
36 98 166
23 92 390
92 23 390
67 41 212
41 67 212
94 18 644
18 94 644
46 49 629
49 46 629
11 94 529
94 11 529
45 25 69
25 45 69
7 64 795
64 7 795
78 28 319
28 78 319
86 51 885
51 86 885
33 49 674
49 33 674
99 72 466
72 99 466
88 92 159
92 88 159
0 86 529
86 0 529
95 84 278
84 95 278
75 47 825
47 75 825
3 44 702
44 3 702
24 51 967
51 24 967
70 82 295
82 70 295
40 68 599
68 40 599
77 1 248
1 77 248
50 52 321
52 50 321
67 41 813
41 67 813
77 93 51
93 77 51
5 40 987
40 5 987
35 16 886
16 35 886
59 71 30
71 59 30
60 95 881
95 60 881
78 65 263
65 78 263
25 6 483
6 25 483
23 83 885
83 23 885
70 85 689
85 70 689
42 4 230
4 42 230
6 81 775
81 6 775
8 38 616
38 8 616
94 73 84
73 94 84
79 84 355
84 79 355
60 97 203
97 60 203
93 75 420
75 93 420
7 0 678
0 7 678
90 23 213
23 90 213
26 46 698
46 26 698
14 88 654
88 14 654
96 47 887
47 96 887
70 55 926
55 70 926
37 2 399
2 37 399
20 33 484
33 20 484
27 94 881
94 27 881
29 87 908
87 29 908
48 94 509
94 48 509
26 84 984
84 26 984
38 10 230
10 38 230
88 77 271
77 88 271
41 73 918
73 41 918
28 43 925
43 28 925
5 33 927
33 5 927
3 5 161
5 3 161
38 32 655
32 38 655
18 13 994
13 18 994
78 62 88
62 78 88
86 40 125
40 86 125
21 30 987
30 21 987
51 18 364
18 51 364
73 12 837
12 73 837
42 92 533
92 42 533
66 97 418
97 66 418
93 0 223
0 93 223
5 39 8
39 5 8
59 9 621
9 59 621
52 87 835
87 52 835
91 25 975
25 91 975
15 47 606
47 15 606
2 50 776
50 2 776
17 23 788
23 17 788
54 17 880
17 54 880
38 83 329
83 38 329
55 28 830
28 55 830
29 33 921
33 29 921
36 44 482
44 36 482
57 96 422
96 57 422
91 40 599
40 91 599
18 55 646
55 18 646
75 9 848
9 75 848
50 27 771
27 50 771
38 33 740
33 38 740
69 71 624
71 69 624
98 78 52
78 98 52
79 7 538
7 79 538
51 96 382
96 51 382
84 5 931
5 84 931
5 96 271
96 5 271
4 66 526
66 4 526
1 41 388
41 1 388
49 92 515
92 49 515
71 82 448
82 71 448
11 3 71
3 11 71
86 53 801
53 86 801
89 84 860
84 89 860
26 87 256
87 26 256
8 72 961
72 8 961
38 29 810
29 38 810
60 85 776
85 60 776
85 87 170
87 85 170
72 88 62
88 72 62
38 11 296
11 38 296
37 74 751
74 37 751
7 60 405
60 7 405
59 50 141
50 59 141
19 28 529
28 19 529
74 36 401
36 74 401
35 26 882
26 35 882
96 86 868
86 96 868
71 24 707
24 71 707
40 48 895
48 40 895
53 87 258
87 53 258
0 24 833
24 0 833
3 84 593
84 3 593
7 95 295
95 7 295
99 14 124
14 99 124
27 41 812
41 27 812
79 76 291
76 79 291
61 72 829
72 61 829
28 95 953
95 28 953
86 88 402
88 86 402
80 93 41
93 80 41
37 46 317
46 37 317
21 49 653
49 21 653
66 8 849
8 66 849
60 7 115
7 60 115
35 87 356
87 35 356
99 66 532
66 99 532
89 79 156
79 89 156
17 59 4
59 17 4
22 45 244
45 22 244
75 77 289
77 75 289
67 34 284
34 67 284
88 35 289
35 88 289
54 43 137
43 54 137
67 3 251
3 67 251
54 90 959
90 54 959
53 8 842
8 53 842
94 88 998
88 94 998
64 99 353
99 64 353
86 45 948
45 86 948
13 22 236
22 13 236
80 89 23
89 80 23
15 78 158
78 15 158
55 84 602
84 55 602
43 51 805
51 43 805
46 6 747
6 46 747
4 11 455
11 4 455
45 6 895
6 45 895
94 70 195
70 94 195
46 8 540
8 46 540
45 73 714
73 45 714
81 53 704
53 81 704
3 20 734
20 3 734
60 76 918
76 60 918
13 19 722
19 13 722
69 65 380
65 69 380
15 21 291
21 15 291
22 67 497
67 22 497
16 61 219
61 16 219
62 60 927
60 62 927
53 5 900
5 53 900
67 86 105
86 67 105
22 41 178
41 22 178
55 54 406
54 55 406
24 67 277
67 24 277
45 89 395
89 45 395
76 56 716
56 76 716
67 30 83
30 67 83
63 99 845
99 63 845
82 61 705
61 82 705
60 15 962
15 60 962
12 82 149
82 12 149
16 56 342
56 16 342
45 11 996
11 45 996
50 87 416
87 50 416
27 33 405
33 27 405
21 9 413
9 21 413
88 28 544
28 88 544
71 44 43
44 71 43
67 78 104
78 67 104
23 38 971
38 23 971
84 50 5
50 84 5
84 19 261
19 84 261
26 64 472
64 26 472
21 15 260
15 21 260
88 94 345
94 88 345
92 67 106
67 92 106
57 55 187
55 57 187
0 26 731
26 0 731
42 45 309
45 42 309
97 68 199
68 97 199
68 5 302
5 68 302
72 89 721
89 72 721
33 67 337
67 33 337
56 89 204
89 56 204
67 29 598
29 67 598
63 22 265
22 63 265
21 79 921
79 21 921
7 31 999
31 7 999
37 73 345
73 37 345
97 70 365
70 97 365
95 38 670
38 95 670
96 63 112
63 96 112
68 96 679
96 68 679
5 4 720
4 5 720
8 72 650
72 8 650
6 87 224
87 6 224
22 8 855
8 22 855
94 15 86
15 94 86
93 4 311
4 93 311
89 1 281
1 89 281
5 97 672
97 5 672
27 45 487
45 27 487
38 14 635
14 38 635
68 71 939
71 68 939
40 79 363
79 40 363
41 37 251
37 41 251
64 12 59
12 64 59
70 6 327
6 70 327
7 51 431
51 7 431
17 92 33
92 17 33
49 98 682
98 49 682
72 77 679
77 72 679
58 15 745
15 58 745
92 35 216
35 92 216
83 27 648
27 83 648
45 68 637
68 45 637
47 84 449
84 47 449
6 54 708
54 6 708
84 61 59
61 84 59
14 30 904
30 14 904
98 32 254
32 98 254
31 4 131
4 31 131
62 15 998
15 62 998
6 7 533
7 6 533
74 42 161
42 74 161
21 40 881
40 21 881
57 87 566
87 57 566
58 45 772
45 58 772
65 29 586
29 65 586
75 44 316
44 75 316
78 94 948
94 78 948
83 78 505
78 83 505
13 40 120
40 13 120
10 46 779
46 10 779
95 72 422
72 95 422
7 93 762
93 7 762
87 3 49
3 87 49
4 61 695
61 4 695
76 78 376
78 76 376
61 53 172
53 61 172
76 84 467
84 76 467
76 67 997
67 76 997
80 33 737
33 80 737
99 43 135
43 99 135
77 90 408
90 77 408
50 97 553
97 50 553
11 37 856
37 11 856
12 41 469
41 12 469
58 17 747
17 58 747
33 78 101
78 33 101
57 7 137
7 57 137
75 83 756
83 75 756
71 63 89
63 71 89
59 14 485
14 59 485
45 91 475
91 45 475
52 42 925
42 52 925
57 5 362
5 57 362
12 69 703
69 12 703
81 27 73
27 81 73
27 13 351
13 27 351
79 70 910
70 79 910
67 45 993
45 67 993
23 68 808
68 23 808
63 27 122
27 63 122
47 72 66
72 47 66
74 77 60
77 74 60
98 34 217
34 98 217
11 98 587
98 11 587
65 31 566
31 65 566
37 11 531
11 37 531
40 90 301
90 40 301
49 10 398
10 49 398
94 85 818
85 94 818
1 48 945
48 1 945
75 48 618
48 75 618
92 22 947
22 92 947
51 72 781
72 51 781
67 83 31
83 67 31
5 48 463
48 5 463
71 86 174
86 71 174
1 78 616
78 1 616
54 27 926
27 54 926
3 21 211
21 3 211
21 75 912
75 21 912
65 2 160
2 65 160
34 94 782
94 34 782
80 97 54
97 80 54
12 64 689
64 12 689
95 22 37
22 95 37
57 93 875
93 57 875
82 46 553
46 82 553
97 0 333
0 97 333
75 4 206
4 75 206
37 25 333
25 37 333
48 42 835
42 48 835
59 29 481
29 59 481
40 61 978
61 40 978
45 74 895
74 45 895
85 69 817
69 85 817
22 78 662
78 22 662
48 60 608
60 48 608
1 9 309
9 1 309
85 84 865
84 85 865
90 74 742
74 90 742
23 74 884
74 23 884
57 34 613
34 57 613
90 74 875
74 90 875
67 72 801
72 67 801
13 57 422
57 13 422
29 31 552
31 29 552
42 80 12
80 42 12
50 33 473
33 50 473
10 18 510
18 10 510
74 60 684
60 74 684
15 83 258
83 15 258
50 93 392
93 50 392
15 83 219
83 15 219
41 2 791
2 41 791
93 16 500
16 93 500
66 97 384
97 66 384
17 40 316
40 17 316
80 42 849
42 80 849
52 18 662
18 52 662
26 78 697
78 26 697
93 14 955
14 93 955
95 7 346
7 95 346
10 90 916
90 10 916
3 92 706
92 3 706
96 8 558
8 96 558
14 58 941
58 14 941
31 98 256
98 31 256
11 40 456
40 11 456
16 44 826
44 16 826
29 70 856
70 29 856
26 15 370
15 26 370
80 10 377
10 80 377
77 73 367
73 77 367
93 28 512
28 93 512
50 77 172
77 50 172
59 91 230
91 59 230
99 23 580
23 99 580
6 86 372
86 6 372
13 54 416
54 13 416
38 84 738
84 38 738
94 10 105
10 94 105
63 42 816
42 63 816
40 71 541
71 40 541
58 64 769
64 58 769
69 67 846
67 69 846
41 26 890
26 41 890
22 78 513
78 22 513
2 36 451
36 2 451
73 50 506
50 73 506
41 88 42
88 41 42
78 34 52
34 78 52
83 98 546
98 83 546
50 90 517
90 50 517
42 48 234
48 42 234
62 18 753
18 62 753
60 11 631
11 60 631
49 33 161
33 49 161
13 35 598
35 13 598
63 61 100
61 63 100
20 54 788
54 20 788
61 84 575
84 61 575
64 19 773
19 64 773
9 69 463
69 9 463
78 63 363
63 78 363
63 26 633
26 63 633
15 38 444
38 15 444
97 87 378
87 97 378
58 0 365
0 58 365
55 63 778
63 55 778
54 84 32
84 54 32
93 97 217
97 93 217
67 62 436
62 67 436
91 23 858
23 91 858
5 1 373
1 5 373
68 64 399
64 68 399
52 31 837
31 52 837
96 29 576
29 96 576
25 87 776
87 25 776
41 94 592
94 41 592
19 0 528
0 19 528
2 45 625
45 2 625
18 65 287
65 18 287
6 8 763
8 6 763
15 14 864
14 15 864
87 34 881
34 87 881
86 63 375
63 86 375
82 92 303
92 82 303
59 31 78
31 59 78
1 77 21
77 1 21
20 29 548
29 20 548
22 75 525
75 22 525
93 40 163
40 93 163
51 48 925
48 51 925
66 14 141
14 66 141
53 48 21
48 53 21
91 87 936
87 91 936
66 21 129
21 66 129
20 81 112
81 20 112
97 34 942
34 97 942
70 54 771
54 70 771
69 28 246
28 69 246
93 73 938
73 93 938
8 24 839
24 8 839
32 90 105
90 32 105
24 96 906
96 24 906
44 87 393
87 44 393
80 5 514
5 80 514
60 25 947
25 60 947
23 75 381
75 23 381
64 45 987
45 64 987
35 14 968
14 35 968
32 60 741
60 32 741
22 20 218
20 22 218
60 4 460
4 60 460
16 29 256
29 16 256
21 73 144
73 21 144
13 5 849
5 13 849
79 17 675
17 79 675
25 93 50
93 25 50
6 9 347
9 6 347
44 96 113
96 44 113
11 29 225
29 11 225
4 51 845
51 4 845
21 63 250
63 21 250
32 79 579
79 32 579
88 1 204
1 88 204
83 66 62
66 83 62
83 45 631
45 83 631
9 71 24
71 9 24
58 29 886
29 58 886
56 73 282
73 56 282
69 37 811
37 69 811
93 41 114
41 93 114
38 14 29
14 38 29
39 46 661
46 39 661
17 86 914
86 17 914
72 21 180
21 72 180
33 5 678
5 33 678
16 14 1
14 16 1
91 25 530
25 91 530
76 33 955
33 76 955
58 2 892
2 58 892
68 48 433
48 68 433
34 38 499
38 34 499
14 77 198
77 14 198
74 46 784
46 74 784
39 18 458
18 39 458
19 4 715
4 19 715
48 20 581
20 48 581
48 11 458
11 48 458
77 88 692
88 77 692
83 46 394
46 83 394
75 66 142
66 75 142
59 52 132
52 59 132
10 67 909
67 10 909
7 41 755
41 7 755
42 33 226
33 42 226
99 52 30
52 99 30
13 0 502
0 13 502
94 0 665
0 94 665
3 29 53
29 3 53
94 12 651
12 94 651
88 87 270
87 88 270
81 99 22
99 81 22
13 9 641
9 13 641
73 16 435
16 73 435
80 58 668
58 80 668
57 10 520
10 57 520
86 75 372
75 86 372
39 21 224
21 39 224
3 25 253
25 3 253
8 19 765
19 8 765
10 59 5
59 10 5
79 93 404
93 79 404
53 58 165
58 53 165
93 31 133
31 93 133
27 63 443
63 27 443
94 20 553
20 94 553
65 58 529
58 65 529
88 97 950
97 88 950
11 53 275
53 11 275
63 61 547
61 63 547
28 23 806
23 28 806
32 3 899
3 32 899
87 8 957
8 87 957
3 1 241
1 3 241
35 29 504
29 35 504
77 75 325
75 77 325
82 41 83
41 82 83
62 29 633
29 62 633
63 41 286
41 63 286
38 56 799
56 38 799
36 84 822
84 36 822
41 68 977
68 41 977
92 55 285
55 92 285
0 58 387
58 0 387
40 45 68
45 40 68
44 75 643
75 44 643
20 57 336
57 20 336
54 19 166
19 54 166
86 82 59
82 86 59
23 72 915
72 23 915
73 8 500
8 73 500
95 2 520
2 95 520
23 94 28
94 23 28
8 94 538
94 8 538
46 87 184
87 46 184
65 83 759
83 65 759
7 55 816
55 7 816
43 9 587
9 43 587
60 48 21
48 60 21
18 71 394
71 18 394
84 45 954
45 84 954
35 92 156
92 35 156
55 15 602
15 55 602
82 75 249
75 82 249
19 73 688
73 19 688
2 38 71
38 2 71
12 98 426
98 12 426
79 41 187
41 79 187
65 53 635
53 65 635
86 23 407
23 86 407
31 7 4
7 31 4
84 43 248
43 84 248
92 98 115
98 92 115
45 32 243
32 45 243
45 51 16
51 45 16
32 6 855
6 32 855
54 70 105
70 54 105
31 50 46
50 31 46
18 67 251
67 18 251
52 53 74
53 52 74
10 36 781
36 10 781
65 21 576
21 65 576
12 65 626
65 12 626
79 62 958
62 79 958
21 8 462
8 21 462
88 92 320
92 88 320
94 99 290
99 94 290
98 30 540
30 98 540
95 48 8
48 95 8
45 53 713
53 45 713
18 63 50
63 18 50
51 81 323
81 51 323
26 93 40
93 26 40
52 24 802
24 52 802
9 97 562
97 9 562
22 86 7
86 22 7
41 80 206
80 41 206
31 79 936
79 31 936
22 74 737
74 22 737
81 20 890
20 81 890
94 90 505
90 94 505
95 41 586
41 95 586
69 20 732
20 69 732
8 72 56
72 8 56
61 33 154
33 61 154
75 56 40
56 75 40
81 97 272
97 81 272
38 80 251
80 38 251
73 3 78
3 73 78
61 84 650
84 61 650
50 30 40
30 50 40
55 25 734
25 55 734
40 46 954
46 40 954
71 54 326
54 71 326
79 68 511
68 79 511
32 43 267
43 32 267
23 76 617
76 23 617
94 14 497
14 94 497
97 39 800
39 97 800
74 1 237
1 74 237
23 51 167
51 23 167
14 58 345
58 14 345
99 51 91
51 99 91
52 22 798
22 52 798
29 1 266
1 29 266
40 85 761
85 40 761
58 8 289
8 58 289
74 55 703
55 74 703
71 52 994
52 71 994
22 26 195
26 22 195
58 1 899
1 58 899
77 67 609
67 77 609
21 67 560
67 21 560
11 19 835
19 11 835
8 1 136
1 8 136
25 93 674
93 25 674
85 51 134
51 85 134
25 26 789
26 25 789
79 49 593
49 79 593
73 71 271
71 73 271
19 82 824
82 19 824
17 59 292
59 17 292
78 32 759
32 78 759
